chr	start	end	DAF
22	14999999	15099999	NA
22	15099999	15199999	NA
22	15199999	15299999	NA
22	15299999	15399999	NA
22	15399999	15499999	NA
22	15499999	15599999	NA
22	15599999	15699999	NA
22	15699999	15799999	NA
22	15799999	15899999	NA
22	15899999	15999999	NA
22	15999999	16099999	NA
22	16099999	16199999	NA
22	16199999	16299999	NA
22	16299999	16399999	NA
22	16399999	16499999	NA
22	16499999	16599999	NA
22	16599999	16699999	NA
22	16699999	16799999	NA
22	16799999	16899999	NA
22	16899999	16999999	NA
22	16999999	17099999	NA
22	17099999	17199999	NA
22	17199999	17299999	NA
22	17299999	17399999	NA
22	17399999	17499999	NA
22	17499999	17599999	NA
22	17599999	17699999	NA
22	17699999	17799999	NA
22	17799999	17899999	NA
22	17899999	17999999	NA
22	17999999	18099999	NA
22	18099999	18199999	NA
22	18199999	18299999	221;9;1;2;0;0;1;0;0;3;1;0;0;1;0;1;1;0;1;3
22	18299999	18399999	NA
22	18399999	18499999	NA
22	18499999	18599999	NA
22	18599999	18699999	NA
22	18699999	18799999	NA
22	18799999	18899999	52;3;2;0;2;0;1;1;0;0;0;0;0;1;0;1;1;2;1;2
22	18899999	18999999	NA
22	18999999	19099999	NA
22	19099999	19199999	NA
22	19199999	19299999	NA
22	19299999	19399999	NA
22	19399999	19499999	NA
22	19499999	19599999	NA
22	19599999	19699999	NA
22	19699999	19799999	NA
22	19799999	19899999	NA
22	19899999	19999999	NA
22	19999999	20099999	NA
22	14999999	15099999	NA
22	15099999	15199999	NA
22	15199999	15299999	NA
22	15299999	15399999	NA
22	15399999	15499999	NA
22	15499999	15599999	NA
22	15599999	15699999	NA
22	15699999	15799999	NA
22	15799999	15899999	NA
22	15899999	15999999	NA
22	15999999	16099999	NA
22	16099999	16199999	NA
22	16199999	16299999	NA
22	16299999	16399999	NA
22	16399999	16499999	NA
22	16499999	16599999	NA
22	16599999	16699999	NA
22	16699999	16799999	NA
22	16799999	16899999	NA
22	16899999	16999999	NA
22	16999999	17099999	NA
22	17099999	17199999	NA
22	17199999	17299999	NA
22	17299999	17399999	NA
22	17399999	17499999	NA
22	17499999	17599999	NA
22	17599999	17699999	NA
22	17699999	17799999	NA
22	17799999	17899999	NA
22	17899999	17999999	NA
22	17999999	18099999	NA
22	18099999	18199999	NA
22	18199999	18299999	221;9;1;2;0;0;1;0;0;3;1;0;0;1;0;1;1;0;1;3
22	18299999	18399999	NA
22	18399999	18499999	NA
22	18499999	18599999	NA
22	18599999	18699999	NA
22	18699999	18799999	NA
22	18799999	18899999	52;3;2;0;2;0;1;1;0;0;0;0;0;1;0;1;1;2;1;2
22	18899999	18999999	NA
22	18999999	19099999	NA
22	19099999	19199999	NA
22	19199999	19299999	NA
22	19299999	19399999	NA
22	19399999	19499999	NA
22	19499999	19599999	NA
22	19599999	19699999	NA
22	19699999	19799999	NA
22	19799999	19899999	NA
22	19899999	19999999	NA
22	19999999	20099999	NA
22	20099999	20199999	NA
22	20199999	20299999	NA
22	20299999	20399999	NA
22	20399999	20499999	NA
22	20499999	20599999	NA
22	20599999	20699999	NA
22	20699999	20799999	NA
22	20799999	20899999	NA
22	20899999	20999999	NA
22	20999999	21099999	79;0;0;0;1;0;1;0;0;0;1;1;2;1;1;1;5;6;7;138
22	21099999	21199999	NA
22	21199999	21299999	NA
22	21299999	21399999	NA
22	21399999	21499999	NA
22	21499999	21599999	NA
22	21599999	21699999	NA
22	21699999	21799999	NA
22	21799999	21899999	NA
22	21899999	21999999	NA
22	21999999	22099999	NA
22	22099999	22199999	NA
22	22199999	22299999	NA
22	22299999	22399999	NA
22	22399999	22499999	NA
22	22499999	22599999	NA
22	22599999	22699999	NA
22	22699999	22799999	NA
22	22799999	22899999	NA
22	22899999	22999999	NA
22	22999999	23099999	NA
22	23099999	23199999	NA
22	23199999	23299999	NA
22	23299999	23399999	NA
22	23399999	23499999	NA
22	23499999	23599999	NA
22	23599999	23699999	NA
22	23699999	23799999	NA
22	23799999	23899999	NA
22	23899999	23999999	NA
22	23999999	24099999	NA
22	24099999	24199999	NA
22	24199999	24299999	NA
22	24299999	24399999	NA
22	24399999	24499999	NA
22	24499999	24599999	NA
22	24599999	24699999	NA
22	24699999	24799999	NA
22	24799999	24899999	NA
22	24899999	24999999	NA
22	24999999	25099999	NA
22	25099999	25199999	NA
22	25199999	25299999	NA
22	25299999	25399999	NA
22	25399999	25499999	NA
22	25499999	25599999	NA
22	25599999	25699999	NA
22	25699999	25799999	NA
22	25799999	25899999	NA
22	25899999	25999999	NA
22	25999999	26099999	NA
22	26099999	26199999	NA
22	26199999	26299999	NA
22	26299999	26399999	NA
22	26399999	26499999	NA
22	26499999	26599999	NA
22	26599999	26699999	NA
22	26699999	26799999	NA
22	26799999	26899999	NA
22	26899999	26999999	NA
22	26999999	27099999	NA
22	27099999	27199999	NA
22	27199999	27299999	NA
22	27299999	27399999	NA
22	27399999	27499999	NA
22	27499999	27599999	NA
22	27599999	27699999	NA
22	27699999	27799999	NA
22	27799999	27899999	NA
22	27899999	27999999	NA
22	27999999	28099999	NA
22	28099999	28199999	NA
22	28199999	28299999	NA
22	28299999	28399999	NA
22	28399999	28499999	NA
22	28499999	28599999	NA
22	28599999	28699999	NA
22	28699999	28799999	NA
22	28799999	28899999	NA
22	28899999	28999999	NA
22	28999999	29099999	NA
22	29099999	29199999	NA
22	29199999	29299999	NA
22	29299999	29399999	NA
22	29399999	29499999	NA
22	29499999	29599999	NA
22	29599999	29699999	NA
22	29699999	29799999	NA
22	29799999	29899999	NA
22	29899999	29999999	NA
22	29999999	30099999	NA
22	30099999	30199999	NA
22	30199999	30299999	NA
22	30299999	30399999	NA
22	30399999	30499999	NA
22	30499999	30599999	NA
22	30599999	30699999	NA
22	30699999	30799999	NA
22	30799999	30899999	NA
22	30899999	30999999	NA
22	30999999	31099999	NA
22	31099999	31199999	NA
22	31199999	31299999	NA
22	31299999	31399999	209;1;2;0;0;1;0;0;0;3;1;0;1;0;0;0;0;0;0;3
22	31399999	31499999	NA
22	31499999	31599999	NA
22	31599999	31699999	440;1;12;2;6;4;2;1;0;0;2;0;0;0;0;0;10;1;0;9
22	31699999	31799999	NA
22	31799999	31899999	NA
22	31899999	31999999	NA
22	31999999	32099999	NA
22	32099999	32199999	NA
22	32199999	32299999	NA
22	32299999	32399999	NA
22	32399999	32499999	NA
22	32499999	32599999	NA
22	32599999	32699999	NA
22	32699999	32799999	NA
22	32799999	32899999	NA
22	32899999	32999999	NA
22	32999999	33099999	NA
22	33099999	33199999	NA
22	33199999	33299999	NA
22	33299999	33399999	NA
22	33399999	33499999	NA
22	33499999	33599999	NA
22	33599999	33699999	NA
22	33699999	33799999	NA
22	33799999	33899999	NA
22	33899999	33999999	NA
22	33999999	34099999	NA
22	34099999	34199999	NA
22	34199999	34299999	NA
22	34299999	34399999	NA
22	34399999	34499999	NA
22	34499999	34599999	NA
22	34599999	34699999	NA
22	34699999	34799999	NA
22	34799999	34899999	NA
22	34899999	34999999	NA
22	34999999	35099999	NA
22	35099999	35199999	NA
22	35199999	35299999	NA
22	35299999	35399999	NA
22	35399999	35499999	NA
22	35499999	35599999	NA
22	35599999	35699999	NA
22	35699999	35799999	NA
22	35799999	35899999	NA
22	35899999	35999999	NA
22	35999999	36099999	NA
22	36099999	36199999	NA
22	36199999	36299999	NA
22	36299999	36399999	NA
22	36399999	36499999	NA
22	36499999	36599999	NA
22	36599999	36699999	NA
22	36699999	36799999	NA
22	36799999	36899999	NA
22	36899999	36999999	NA
22	36999999	37099999	NA
22	37099999	37199999	NA
22	37199999	37299999	NA
22	37299999	37399999	NA
22	37399999	37499999	NA
22	37499999	37599999	NA
22	37599999	37699999	NA
22	37699999	37799999	1040;14;3;6;11;11;22;11;4;3;3;4;9;9;3;5;5;2;4;15
22	37799999	37899999	NA
22	37899999	37999999	NA
22	37999999	38099999	NA
22	38099999	38199999	NA
22	38199999	38299999	NA
22	38299999	38399999	NA
22	38399999	38499999	NA
22	38499999	38599999	NA
22	38599999	38699999	NA
22	38699999	38799999	NA
22	38799999	38899999	NA
22	38899999	38999999	NA
22	38999999	39099999	223;2;0;0;0;2;0;0;0;0;1;0;2;0;1;0;0;0;0;0
22	39099999	39199999	NA
22	39199999	39299999	NA
22	39299999	39399999	NA
22	39399999	39499999	NA
22	39499999	39599999	NA
22	39599999	39699999	NA
22	39699999	39799999	NA
22	39799999	39899999	NA
22	39899999	39999999	NA
22	39999999	40099999	NA
22	40099999	40199999	NA
22	40199999	40299999	NA
22	40299999	40399999	NA
22	40399999	40499999	NA
22	40499999	40599999	NA
22	40599999	40699999	NA
22	40699999	40799999	NA
22	40799999	40899999	NA
22	40899999	40999999	NA
22	40999999	41099999	NA
22	41099999	41199999	NA
22	41199999	41299999	NA
22	41299999	41399999	NA
22	41399999	41499999	NA
22	41499999	41599999	NA
22	41599999	41699999	NA
22	41699999	41799999	NA
22	41799999	41899999	NA
22	41899999	41999999	NA
22	41999999	42099999	NA
22	42099999	42199999	NA
22	42199999	42299999	NA
22	42299999	42399999	NA
22	42399999	42499999	NA
22	42499999	42599999	NA
22	42599999	42699999	NA
22	42699999	42799999	NA
22	42799999	42899999	NA
22	42899999	42999999	NA
22	42999999	43099999	NA
22	43099999	43199999	NA
22	43199999	43299999	NA
22	43299999	43399999	NA
22	43399999	43499999	NA
22	43499999	43599999	NA
22	43599999	43699999	NA
22	43699999	43799999	NA
22	43799999	43899999	NA
22	43899999	43999999	NA
22	43999999	44099999	NA
22	44099999	44199999	NA
22	44199999	44299999	NA
22	44299999	44399999	NA
22	44399999	44499999	NA
22	44499999	44599999	NA
22	44599999	44699999	NA
22	44699999	44799999	NA
22	44799999	44899999	NA
22	44899999	44999999	NA
22	44999999	45099999	NA
22	45099999	45199999	NA
22	45199999	45299999	NA
22	45299999	45399999	NA
22	45399999	45499999	NA
22	45499999	45599999	NA
22	45599999	45699999	NA
22	45699999	45799999	NA
22	45799999	45899999	NA
22	45899999	45999999	NA
22	45999999	46099999	NA
22	46099999	46199999	NA
22	46199999	46299999	NA
22	46299999	46399999	NA
22	46399999	46499999	NA
22	46499999	46599999	NA
22	46599999	46699999	NA
22	46699999	46799999	NA
22	46799999	46899999	NA
22	46899999	46999999	NA
22	46999999	47099999	NA
22	47099999	47199999	NA
22	47199999	47299999	NA
22	47299999	47399999	NA
22	47399999	47499999	NA
22	47499999	47599999	NA
22	47599999	47699999	NA
22	47699999	47799999	NA
22	47799999	47899999	NA
22	47899999	47999999	NA
22	47999999	48099999	NA
22	48099999	48199999	NA
22	48199999	48299999	NA
22	48299999	48399999	NA
22	48399999	48499999	NA
22	48499999	48599999	NA
22	48599999	48699999	NA
22	48699999	48799999	NA
22	48799999	48899999	NA
22	48899999	48999999	NA
22	48999999	49099999	NA
22	49099999	49199999	NA
22	49199999	49299999	NA
22	49299999	49399999	NA
22	49399999	49499999	NA
22	49499999	49599999	NA
22	49599999	49699999	NA
22	49699999	49799999	NA
22	49799999	49899999	NA
22	49899999	49999999	NA
22	49999999	50099999	NA
